0.000000,0.000000,0.015385,0.025641,0.856410,0.046154,0.005128,0.005128,0.000000,0.046154
0.027397,0.013699,0.904110,0.000000,0.027397,0.000000,0.027397,0.000000,0.000000,0.000000
0.000000,0.049296,0.000000,0.000000,0.915493,0.021127,0.000000,0.007042,0.007042,0.000000
0.021739,0.000000,0.007246,0.000000,0.014493,0.913043,0.021739,0.014493,0.007246,0.000000
0.040000,0.013333,0.006667,0.026667,0.880000,0.020000,0.006667,0.000000,0.006667,0.000000
0.000000,0.000000,0.038462,0.000000,0.903846,0.000000,0.019231,0.000000,0.019231,0.019231
0.043478,0.000000,0.006211,0.006211,0.012422,0.024845,0.000000,0.000000,0.881988,0.024845
0.000000,0.010309,0.020619,0.948454,0.000000,0.010309,0.000000,0.000000,0.010309,0.000000
0.000000,0.058824,0.000000,0.901961,0.000000,0.000000,0.000000,0.000000,0.000000,0.039216
0.009091,0.000000,0.000000,0.009091,0.009091,0.000000,0.018182,0.936364,0.009091,0.009091
0.010695,0.000000,0.048128,0.000000,0.016043,0.005348,0.000000,0.893048,0.000000,0.026738
0.892857,0.017857,0.017857,0.017857,0.017857,0.000000,0.000000,0.017857,0.017857,0.000000
0.000000,0.903448,0.020690,0.000000,0.020690,0.006897,0.020690,0.020690,0.006897,0.000000
0.007246,0.007246,0.021739,0.913043,0.000000,0.007246,0.007246,0.007246,0.007246,0.021739
0.000000,0.011696,0.005848,0.005848,0.023392,0.023392,0.000000,0.900585,0.000000,0.029240
0.006135,0.030675,0.000000,0.000000,0.030675,0.012270,0.895706,0.000000,0.000000,0.024540
0.012346,0.018519,0.006173,0.018519,0.012346,0.006173,0.018519,0.901235,0.006173,0.000000
0.000000,0.030534,0.007634,0.000000,0.061069,0.847328,0.000000,0.000000,0.015267,0.038168
0.866667,0.000000,0.016667,0.050000,0.016667,0.000000,0.016667,0.033333,0.000000,0.000000
0.019608,0.009804,0.000000,0.009804,0.000000,0.039216,0.000000,0.000000,0.019608,0.901961
0.031414,0.005236,0.005236,0.005236,0.005236,0.005236,0.020942,0.052356,0.869110,0.000000
0.008621,0.025862,0.000000,0.879310,0.034483,0.008621,0.034483,0.000000,0.000000,0.008621
0.869919,0.024390,0.008130,0.000000,0.081301,0.008130,0.008130,0.000000,0.000000,0.000000
0.016667,0.011111,0.016667,0.033333,0.005556,0.005556,0.861111,0.033333,0.005556,0.011111
0.000000,0.000000,0.000000,0.020202,0.010101,0.020202,0.898990,0.020202,0.010101,0.020202
0.000000,0.024390,0.036585,0.000000,0.036585,0.000000,0.902439,0.000000,0.000000,0.000000
0.020619,0.938144,0.005155,0.000000,0.000000,0.000000,0.020619,0.000000,0.015464,0.000000
0.000000,0.006369,0.006369,0.006369,0.025478,0.006369,0.000000,0.012739,0.012739,0.923567
0.007353,0.007353,0.000000,0.007353,0.875000,0.073529,0.022059,0.007353,0.000000,0.000000
0.033333,0.000000,0.011111,0.000000,0.000000,0.005556,0.016667,0.027778,0.000000,0.905556
0.010638,0.021277,0.010638,0.010638,0.021277,0.010638,0.021277,0.031915,0.851064,0.010638
0.011364,0.903409,0.011364,0.005682,0.005682,0.000000,0.017045,0.017045,0.000000,0.028409
0.824324,0.047297,0.060811,0.000000,0.000000,0.013514,0.000000,0.047297,0.000000,0.006757
0.037267,0.000000,0.018634,0.012422,0.000000,0.888199,0.006211,0.037267,0.000000,0.000000
0.000000,0.000000,0.012048,0.024096,0.024096,0.903614,0.024096,0.000000,0.012048,0.000000
0.000000,0.000000,0.018349,0.009174,0.018349,0.009174,0.917431,0.027523,0.000000,0.000000
0.005848,0.005848,0.035088,0.017544,0.877193,0.023392,0.000000,0.005848,0.017544,0.011696
0.000000,0.876471,0.035294,0.064706,0.000000,0.000000,0.000000,0.017647,0.005882,0.000000
0.007752,0.007752,0.007752,0.015504,0.007752,0.015504,0.875969,0.007752,0.007752,0.046512
0.008130,0.024390,0.032520,0.024390,0.008130,0.000000,0.902439,0.000000,0.000000,0.000000
0.031250,0.031250,0.000000,0.000000,0.006250,0.006250,0.006250,0.056250,0.862500,0.000000
0.007246,0.000000,0.021739,0.007246,0.007246,0.043478,0.036232,0.000000,0.876812,0.000000
0.029703,0.900990,0.039604,0.000000,0.000000,0.000000,0.000000,0.019802,0.000000,0.009901
0.000000,0.012903,0.916129,0.038710,0.000000,0.006452,0.000000,0.006452,0.019355,0.000000
0.047619,0.011905,0.011905,0.869048,0.011905,0.023810,0.011905,0.000000,0.011905,0.000000
0.952381,0.000000,0.011905,0.023810,0.000000,0.000000,0.000000,0.000000,0.011905,0.000000
0.000000,0.000000,0.007634,0.045802,0.015267,0.053435,0.007634,0.000000,0.007634,0.862595
0.000000,0.044776,0.044776,0.000000,0.000000,0.910448,0.000000,0.000000,0.000000,0.000000
0.005435,0.000000,0.891304,0.005435,0.000000,0.000000,0.027174,0.016304,0.032609,0.021739
0.009434,0.018868,0.000000,0.896226,0.056604,0.000000,0.009434,0.000000,0.009434,0.000000
0.000000,0.024000,0.000000,0.000000,0.968000,0.000000,0.000000,0.008000,0.000000,0.000000
0.006369,0.000000,0.885350,0.012739,0.000000,0.000000,0.000000,0.089172,0.000000,0.006369
0.000000,0.008772,0.026316,0.885965,0.000000,0.035088,0.000000,0.017544,0.008772,0.017544
0.000000,0.000000,0.037313,0.000000,0.014925,0.014925,0.029851,0.880597,0.022388,0.000000
0.000000,0.926471,0.000000,0.000000,0.029412,0.014706,0.000000,0.000000,0.029412,0.000000
0.000000,0.000000,0.026846,0.000000,0.000000,0.939597,0.000000,0.020134,0.006711,0.006711
0.000000,0.017241,0.000000,0.000000,0.017241,0.000000,0.017241,0.879310,0.034483,0.034483
0.012579,0.006289,0.006289,0.000000,0.899371,0.018868,0.056604,0.000000,0.000000,0.000000
0.005236,0.052356,0.000000,0.005236,0.005236,0.015707,0.020942,0.884817,0.005236,0.005236
0.000000,0.007246,0.014493,0.000000,0.021739,0.007246,0.043478,0.884058,0.014493,0.007246
0.000000,0.000000,0.010309,0.000000,0.010309,0.020619,0.041237,0.010309,0.020619,0.886598
0.000000,0.011429,0.005714,0.005714,0.017143,0.011429,0.920000,0.022857,0.005714,0.000000
0.025641,0.000000,0.012821,0.012821,0.000000,0.012821,0.000000,0.897436,0.025641,0.012821
0.028571,0.000000,0.007143,0.000000,0.042857,0.021429,0.000000,0.000000,0.007143,0.892857
0.000000,0.021739,0.032609,0.913043,0.010870,0.010870,0.000000,0.000000,0.010870,0.000000
0.031447,0.000000,0.006289,0.025157,0.006289,0.006289,0.899371,0.006289,0.018868,0.000000
0.007143,0.892857,0.007143,0.028571,0.007143,0.000000,0.000000,0.007143,0.028571,0.021429
0.000000,0.000000,0.000000,0.013514,0.013514,0.094595,0.864865,0.000000,0.013514,0.000000
0.007407,0.000000,0.022222,0.014815,0.000000,0.007407,0.000000,0.007407,0.933333,0.007407
0.000000,0.005051,0.015152,0.000000,0.005051,0.893939,0.000000,0.040404,0.015152,0.025253
0.005848,0.017544,0.005848,0.000000,0.011696,0.011696,0.000000,0.923977,0.017544,0.005848
0.000000,0.000000,0.000000,0.063291,0.000000,0.000000,0.031646,0.025316,0.879747,0.000000
0.005682,0.011364,0.909091,0.005682,0.000000,0.000000,0.005682,0.062500,0.000000,0.000000
0.000000,0.008065,0.016129,0.008065,0.008065,0.903226,0.008065,0.000000,0.048387,0.000000
0.000000,0.027397,0.013699,0.000000,0.000000,0.013699,0.931507,0.000000,0.013699,0.000000
0.910256,0.000000,0.000000,0.000000,0.000000,0.000000,0.051282,0.000000,0.012821,0.025641
0.885714,0.035714,0.042857,0.007143,0.000000,0.000000,0.014286,0.007143,0.000000,0.007143
0.000000,0.000000,0.000000,0.000000,0.040000,0.000000,0.000000,0.000000,0.020000,0.940000
0.000000,0.005650,0.000000,0.011299,0.028249,0.949153,0.000000,0.000000,0.000000,0.005650
0.000000,0.013514,0.013514,0.013514,0.013514,0.000000,0.027027,0.027027,0.878378,0.013514
0.885714,0.028571,0.009524,0.000000,0.000000,0.009524,0.019048,0.000000,0.047619,0.000000
0.924528,0.000000,0.037736,0.000000,0.000000,0.018868,0.000000,0.000000,0.018868,0.000000
0.027027,0.018018,0.009009,0.009009,0.000000,0.864865,0.000000,0.000000,0.018018,0.054054
0.006579,0.006579,0.006579,0.000000,0.013158,0.013158,0.914474,0.013158,0.013158,0.013158
0.000000,0.007692,0.000000,0.076923,0.000000,0.000000,0.000000,0.023077,0.892308,0.000000
0.020202,0.010101,0.010101,0.000000,0.000000,0.010101,0.010101,0.898990,0.030303,0.010101
0.000000,0.041667,0.008333,0.016667,0.000000,0.000000,0.000000,0.000000,0.933333,0.000000
0.030769,0.038462,0.000000,0.007692,0.000000,0.038462,0.023077,0.000000,0.000000,0.861538
0.000000,0.000000,0.950980,0.019608,0.000000,0.019608,0.000000,0.000000,0.000000,0.009804
0.010309,0.000000,0.010309,0.030928,0.000000,0.000000,0.020619,0.020619,0.020619,0.886598
0.012658,0.873418,0.031646,0.018987,0.006329,0.012658,0.012658,0.018987,0.000000,0.012658
0.866667,0.000000,0.000000,0.022222,0.000000,0.044444,0.022222,0.011111,0.033333,0.000000
0.000000,0.011364,0.000000,0.022727,0.000000,0.000000,0.000000,0.045455,0.909091,0.011364
0.005155,0.000000,0.000000,0.912371,0.000000,0.000000,0.000000,0.000000,0.010309,0.072165
0.013333,0.000000,0.000000,0.000000,0.000000,0.880000,0.040000,0.000000,0.066667,0.000000
0.000000,0.007353,0.911765,0.014706,0.022059,0.022059,0.007353,0.014706,0.000000,0.000000
0.024793,0.876033,0.008264,0.000000,0.041322,0.008264,0.008264,0.016529,0.016529,0.000000
0.005464,0.021858,0.005464,0.010929,0.021858,0.901639,0.005464,0.000000,0.000000,0.027322
0.000000,0.018519,0.018519,0.000000,0.018519,0.018519,0.018519,0.000000,0.000000,0.907407
0.010753,0.010753,0.000000,0.000000,0.000000,0.000000,0.940860,0.010753,0.026882,0.000000
