0.000000,0.005128,0.041026,0.005128,0.851282,0.005128,0.020513,0.041026,0.010256,0.020513
0.016260,0.008130,0.910569,0.008130,0.032520,0.008130,0.016260,0.000000,0.000000,0.000000
0.006135,0.030675,0.006135,0.000000,0.883436,0.055215,0.000000,0.000000,0.000000,0.018405
0.005291,0.042328,0.010582,0.005291,0.000000,0.904762,0.010582,0.010582,0.005291,0.005291
0.022727,0.005682,0.005682,0.000000,0.931818,0.011364,0.005682,0.017045,0.000000,0.000000
0.000000,0.009434,0.037736,0.028302,0.839623,0.028302,0.000000,0.037736,0.000000,0.018868
0.000000,0.000000,0.000000,0.027523,0.000000,0.000000,0.018349,0.009174,0.926606,0.018349
0.000000,0.000000,0.000000,0.962963,0.009259,0.000000,0.000000,0.009259,0.000000,0.018519
0.000000,0.000000,0.009524,0.923810,0.000000,0.000000,0.047619,0.019048,0.000000,0.000000
0.005319,0.000000,0.005319,0.010638,0.037234,0.005319,0.015957,0.877660,0.000000,0.042553
0.019608,0.000000,0.000000,0.013072,0.000000,0.000000,0.026144,0.901961,0.019608,0.019608
0.901786,0.026786,0.008929,0.026786,0.008929,0.008929,0.000000,0.000000,0.008929,0.008929
0.057803,0.913295,0.000000,0.017341,0.011561,0.000000,0.000000,0.000000,0.000000,0.000000
0.008197,0.032787,0.016393,0.877049,0.000000,0.000000,0.016393,0.000000,0.016393,0.032787
0.007042,0.028169,0.000000,0.007042,0.007042,0.014085,0.000000,0.929577,0.000000,0.007042
0.000000,0.008264,0.066116,0.008264,0.033058,0.000000,0.851240,0.033058,0.000000,0.000000
0.034483,0.005747,0.000000,0.022989,0.040230,0.005747,0.017241,0.804598,0.005747,0.063218
0.000000,0.015504,0.038760,0.007752,0.023256,0.868217,0.000000,0.015504,0.007752,0.023256
0.920635,0.007937,0.000000,0.007937,0.023810,0.015873,0.007937,0.007937,0.007937,0.000000
0.021127,0.028169,0.000000,0.007042,0.000000,0.007042,0.000000,0.014085,0.000000,0.922535
0.005435,0.000000,0.038043,0.005435,0.021739,0.038043,0.000000,0.000000,0.891304,0.000000
0.000000,0.026549,0.035398,0.884956,0.026549,0.000000,0.017699,0.000000,0.008850,0.000000
0.928571,0.007937,0.007937,0.007937,0.000000,0.039683,0.000000,0.007937,0.000000,0.000000
0.011628,0.000000,0.005814,0.017442,0.005814,0.000000,0.947674,0.005814,0.000000,0.005814
0.000000,0.000000,0.008065,0.000000,0.000000,0.040323,0.935484,0.016129,0.000000,0.000000
0.000000,0.000000,0.000000,0.026455,0.021164,0.010582,0.925926,0.000000,0.000000,0.015873
0.028249,0.898305,0.000000,0.028249,0.005650,0.000000,0.022599,0.005650,0.011299,0.000000
0.033058,0.041322,0.008264,0.008264,0.008264,0.000000,0.000000,0.033058,0.000000,0.867769
0.016949,0.033898,0.005650,0.000000,0.870056,0.050847,0.000000,0.005650,0.000000,0.016949
0.007813,0.007813,0.007813,0.007813,0.000000,0.031250,0.000000,0.000000,0.007813,0.929688
0.006944,0.000000,0.000000,0.006944,0.027778,0.013889,0.111111,0.020833,0.812500,0.000000
0.000000,0.932961,0.005587,0.005587,0.005587,0.016760,0.005587,0.000000,0.016760,0.011173
0.874016,0.015748,0.039370,0.007874,0.015748,0.039370,0.000000,0.000000,0.007874,0.000000
0.000000,0.033333,0.013333,0.000000,0.000000,0.926667,0.006667,0.006667,0.000000,0.013333
0.000000,0.000000,0.009009,0.054054,0.045045,0.855856,0.018018,0.009009,0.009009,0.000000
0.000000,0.008696,0.008696,0.008696,0.008696,0.017391,0.904348,0.000000,0.008696,0.034783
0.022989,0.000000,0.005747,0.063218,0.890805,0.005747,0.000000,0.005747,0.005747,0.000000
0.000000,0.896226,0.000000,0.028302,0.009434,0.028302,0.009434,0.009434,0.009434,0.009434
0.000000,0.000000,0.018868,0.012579,0.031447,0.018868,0.874214,0.018868,0.006289,0.018868
0.005917,0.005917,0.011834,0.000000,0.000000,0.047337,0.893491,0.017751,0.017751,0.000000
0.007246,0.021739,0.007246,0.007246,0.014493,0.000000,0.007246,0.021739,0.913043,0.000000
0.000000,0.029240,0.000000,0.005848,0.011696,0.000000,0.000000,0.023392,0.929825,0.000000
0.006849,0.938356,0.000000,0.006849,0.006849,0.006849,0.020548,0.000000,0.013699,0.000000
0.035714,0.005102,0.882653,0.000000,0.000000,0.000000,0.010204,0.030612,0.015306,0.020408
0.000000,0.012987,0.012987,0.935065,0.012987,0.000000,0.000000,0.000000,0.019481,0.006494
0.842105,0.017544,0.035088,0.017544,0.017544,0.026316,0.008772,0.017544,0.008772,0.008772
0.011494,0.005747,0.011494,0.011494,0.005747,0.011494,0.000000,0.028736,0.011494,0.902299
0.000000,0.000000,0.000000,0.033708,0.028090,0.904494,0.000000,0.011236,0.022472,0.000000
0.005525,0.022099,0.872928,0.016575,0.005525,0.016575,0.011050,0.016575,0.005525,0.027624
0.007874,0.023622,0.000000,0.881890,0.007874,0.000000,0.007874,0.039370,0.007874,0.023622
0.013605,0.000000,0.000000,0.006803,0.877551,0.000000,0.013605,0.000000,0.061224,0.027211
0.069519,0.000000,0.860963,0.016043,0.016043,0.000000,0.000000,0.000000,0.021390,0.016043
0.000000,0.007353,0.036765,0.926471,0.000000,0.000000,0.000000,0.022059,0.000000,0.007353
0.000000,0.005525,0.005525,0.000000,0.027624,0.011050,0.005525,0.900552,0.044199,0.000000
0.005128,0.892308,0.020513,0.000000,0.005128,0.000000,0.030769,0.035897,0.005128,0.005128
0.030769,0.007692,0.000000,0.007692,0.007692,0.892308,0.023077,0.023077,0.000000,0.007692
0.000000,0.006173,0.006173,0.000000,0.043210,0.006173,0.012346,0.919753,0.000000,0.006173
0.012987,0.019481,0.006494,0.000000,0.915584,0.000000,0.006494,0.006494,0.012987,0.019481
0.005495,0.005495,0.000000,0.000000,0.016484,0.016484,0.027473,0.906593,0.010989,0.010989
0.020134,0.006711,0.020134,0.020134,0.000000,0.000000,0.013423,0.912752,0.006711,0.000000
0.000000,0.014925,0.007463,0.000000,0.022388,0.000000,0.059701,0.000000,0.000000,0.895522
0.005747,0.017241,0.057471,0.005747,0.000000,0.005747,0.873563,0.005747,0.011494,0.017241
0.000000,0.009346,0.000000,0.074766,0.000000,0.009346,0.009346,0.897196,0.000000,0.000000
0.000000,0.017241,0.005747,0.005747,0.017241,0.022989,0.034483,0.000000,0.005747,0.890805
0.006289,0.012579,0.006289,0.880503,0.025157,0.006289,0.018868,0.006289,0.006289,0.031447
0.010050,0.000000,0.000000,0.020101,0.010050,0.035176,0.899497,0.005025,0.020101,0.000000
0.020202,0.909091,0.005051,0.000000,0.015152,0.015152,0.000000,0.015152,0.015152,0.005051
0.000000,0.000000,0.000000,0.007937,0.000000,0.007937,0.920635,0.000000,0.063492,0.000000
0.000000,0.008772,0.008772,0.000000,0.017544,0.026316,0.008772,0.035088,0.885965,0.008772
0.010989,0.005495,0.005495,0.010989,0.005495,0.868132,0.016484,0.032967,0.005495,0.038462
0.000000,0.000000,0.000000,0.000000,0.009615,0.028846,0.000000,0.942308,0.000000,0.019231
0.013333,0.000000,0.000000,0.013333,0.000000,0.000000,0.020000,0.013333,0.940000,0.000000
0.000000,0.000000,0.889571,0.055215,0.000000,0.012270,0.000000,0.000000,0.018405,0.024540
0.000000,0.014286,0.007143,0.000000,0.000000,0.900000,0.000000,0.000000,0.064286,0.014286
0.025000,0.000000,0.031250,0.000000,0.012500,0.012500,0.906250,0.000000,0.006250,0.006250
0.892473,0.016129,0.005376,0.026882,0.016129,0.000000,0.000000,0.032258,0.005376,0.005376
0.977941,0.000000,0.000000,0.007353,0.000000,0.000000,0.014706,0.000000,0.000000,0.000000
0.000000,0.007874,0.000000,0.000000,0.047244,0.007874,0.007874,0.007874,0.000000,0.921260
0.008000,0.000000,0.000000,0.000000,0.000000,0.896000,0.000000,0.048000,0.040000,0.008000
0.000000,0.014599,0.007299,0.036496,0.014599,0.000000,0.036496,0.021898,0.868613,0.000000
0.913333,0.006667,0.040000,0.000000,0.006667,0.000000,0.000000,0.013333,0.013333,0.006667
0.873333,0.006667,0.006667,0.013333,0.040000,0.000000,0.020000,0.026667,0.006667,0.006667
0.019481,0.012987,0.038961,0.000000,0.000000,0.870130,0.006494,0.000000,0.006494,0.045455
0.025126,0.000000,0.000000,0.000000,0.005025,0.010050,0.934673,0.000000,0.020101,0.005025
0.005780,0.005780,0.000000,0.017341,0.028902,0.000000,0.000000,0.005780,0.936416,0.000000
0.000000,0.019608,0.006536,0.000000,0.013072,0.019608,0.006536,0.928105,0.006536,0.000000
0.000000,0.042424,0.018182,0.012121,0.006061,0.000000,0.018182,0.012121,0.890909,0.000000
0.016129,0.024194,0.000000,0.000000,0.024194,0.056452,0.000000,0.000000,0.016129,0.862903
0.014388,0.000000,0.841727,0.007194,0.014388,0.000000,0.000000,0.000000,0.014388,0.107914
0.000000,0.005405,0.000000,0.005405,0.005405,0.016216,0.000000,0.010811,0.037838,0.918919
0.005435,0.923913,0.010870,0.000000,0.000000,0.010870,0.021739,0.005435,0.016304,0.005435
0.906475,0.035971,0.007194,0.007194,0.000000,0.000000,0.000000,0.000000,0.028777,0.014388
0.021277,0.014184,0.021277,0.000000,0.000000,0.000000,0.000000,0.028369,0.907801,0.007092
0.007194,0.007194,0.043165,0.877698,0.000000,0.021583,0.000000,0.028777,0.014388,0.000000
0.000000,0.000000,0.000000,0.000000,0.000000,0.942623,0.008197,0.032787,0.000000,0.016393
0.000000,0.018293,0.890244,0.042683,0.006098,0.006098,0.006098,0.006098,0.018293,0.006098
0.024194,0.903226,0.056452,0.000000,0.000000,0.000000,0.008065,0.008065,0.000000,0.000000
0.000000,0.000000,0.019417,0.009709,0.029126,0.883495,0.000000,0.009709,0.000000,0.048544
0.000000,0.015152,0.000000,0.000000,0.007576,0.037879,0.007576,0.007576,0.000000,0.924242
0.006024,0.018072,0.000000,0.012048,0.018072,0.000000,0.885542,0.018072,0.042169,0.000000
